{
 "cells": [
  {
   "cell_type": "code",
   "execution_count": 15,
   "metadata": {},
   "outputs": [],
   "source": [
    "import numpy as np"
   ]
  },
  {
   "cell_type": "markdown",
   "metadata": {},
   "source": [
    "Credits to: https://github.com/heretic1993/autoCalibration"
   ]
  },
  {
   "cell_type": "code",
   "execution_count": 78,
   "metadata": {},
   "outputs": [
    {
     "data": {
      "text/plain": [
       "[[-0.01, 251.14, 208.73],\n",
       " [26.83, 188.36, 473.59],\n",
       " [71.17, 526.1, 18.0],\n",
       " [110.59, 429.92, 285.81],\n",
       " [65.65, 198.2, 435.28],\n",
       " [226.0, 477.19, -46.48],\n",
       " [206.72, 353.95, 339.27],\n",
       " [93.55, 109.99, 471.64],\n",
       " [418.05, 358.83, -27.28],\n",
       " [408.41, 234.29, 265.65],\n",
       " [201.19, 72.41, 456.05],\n",
       " [531.98, 88.46, 108.16],\n",
       " [438.18, -2.58, 308.79],\n",
       " [534.02, -105.82, 83.16],\n",
       " [423.42, -122.2, 305.81],\n",
       " [244.01, -93.7, 438.77],\n",
       " [478.41, -266.7, 61.52],\n",
       " [488.16, -71.63, 228.49],\n",
       " [302.37, -35.99, 417.84],\n",
       " [415.8, -343.6, 107.68],\n",
       " [182.87, -230.46, 423.33],\n",
       " [249.03, -433.05, 216.83],\n",
       " [116.02, -331.25, 388.71]]"
      ]
     },
     "execution_count": 78,
     "metadata": {},
     "output_type": "execute_result"
    }
   ],
   "source": [
    "Robo1 = [-0.01,251.14,208.73]\n",
    "Robo2 = [26.83,188.36,473.59]\n",
    "Robo3 = [71.17,526.10,18.00]\n",
    "Robo4 = [110.59,429.92,285.81]\n",
    "Robo5 = [65.65,198.20,435.28]\n",
    "Robo6 = [226.00,477.19,-46.48]\n",
    "Robo7 = [206.72,353.95,339.27]\n",
    "Robo8 = [93.55,109.99,471.64]\n",
    "Robo9 = [418.05,358.83,-27.28]\n",
    "\n",
    "Robo10 = [408.41,234.29,265.65]\n",
    "Robo11 = [201.19,72.41,456.05]\n",
    "Robo12 = [531.98,88.46,108.16]\n",
    "Robo13 = [438.18,-2.58,308.79]\n",
    "Robo14 = [534.02,-105.82,83.16]\n",
    "Robo15 = [423.42,-122.20,305.81]\n",
    "Robo16 = [244.01,-93.70,438.77]\n",
    "Robo17 = [478.41,-266.70,61.52]\n",
    "Robo18 = [488.16,-71.63,228.49]\n",
    "\n",
    "Robo19 = [302.37,-35.99,417.84]\n",
    "Robo20 = [415.80,-343.60,107.68]\n",
    "Robo21 = [182.87,-230.46,423.33]\n",
    "Robo22 = [249.03,-433.05,216.83]\n",
    "Robo23 = [116.02,-331.25,388.71]\n",
    "\n",
    "Robo = []\n",
    "Robo.append(Robo1)\n",
    "Robo.append(Robo2)\n",
    "Robo.append(Robo3)\n",
    "Robo.append(Robo4)\n",
    "Robo.append(Robo5)\n",
    "Robo.append(Robo6)\n",
    "Robo.append(Robo7)\n",
    "Robo.append(Robo8)\n",
    "Robo.append(Robo9)\n",
    "Robo.append(Robo10)\n",
    "Robo.append(Robo11)\n",
    "Robo.append(Robo12)\n",
    "Robo.append(Robo13)\n",
    "Robo.append(Robo14)\n",
    "Robo.append(Robo15)\n",
    "Robo.append(Robo16)\n",
    "Robo.append(Robo17)\n",
    "Robo.append(Robo18)\n",
    "Robo.append(Robo19)\n",
    "Robo.append(Robo20)\n",
    "Robo.append(Robo21)\n",
    "Robo.append(Robo22)\n",
    "Robo.append(Robo23)\n",
    "\n",
    "Robo"
   ]
  },
  {
   "cell_type": "code",
   "execution_count": 79,
   "metadata": {},
   "outputs": [
    {
     "data": {
      "text/plain": [
       "[[387, 270, 2259],\n",
       " [381, 186, 2214],\n",
       " [445, 331, 2188],\n",
       " [438, 258, 2138],\n",
       " [383, 202, 2139],\n",
       " [434, 362, 2084],\n",
       " [424, 247, 2002],\n",
       " [354, 188, 2069],\n",
       " [410, 379, 1893],\n",
       " [386, 288, 1785],\n",
       " [333, 200, 1926],\n",
       " [329, 353, 1763],\n",
       " [297, 276, 1754],\n",
       " [260, 360, 1745],\n",
       " [252, 274, 1746],\n",
       " [262, 209, 1874],\n",
       " [208, 358, 1773],\n",
       " [272, 308, 1742],\n",
       " [286, 222, 1802],\n",
       " [183, 337, 1836],\n",
       " [213, 211, 1959],\n",
       " [161, 286, 1976],\n",
       " [187, 220, 2098]]"
      ]
     },
     "execution_count": 79,
     "metadata": {},
     "output_type": "execute_result"
    }
   ],
   "source": [
    "Cam1 = [387,270,2259] # green block\n",
    "Cam2 = [381,186,2214] # red block\n",
    "Cam3 = [445,331,2188] # blue block\n",
    "Cam4 = [438,258,2138]\n",
    "Cam5 = [383,202,2139]\n",
    "Cam6 = [434,362,2084]\n",
    "Cam7 = [424,247,2002]\n",
    "Cam8 = [354,188,2069]\n",
    "Cam9 = [410,379,1893]\n",
    "Cam10 = [386,288,1785] # green block\n",
    "Cam11 = [333,200,1926] # red block\n",
    "Cam12 = [329,353,1763] # blue block\n",
    "Cam13 = [297,276,1754]\n",
    "Cam14 = [260,360,1745]\n",
    "Cam15 = [252,274,1746]\n",
    "Cam16 = [262,209,1874]\n",
    "Cam17 = [208,358,1773]\n",
    "Cam18 = [272,308,1742]\n",
    "Cam19 = [286,222,1802] # green block\n",
    "Cam20 = [183,337,1836] # red block\n",
    "Cam21 = [213,211,1959] # blue block\n",
    "Cam22 = [161,286,1976]\n",
    "Cam23 = [187,220,2098]\n",
    "\n",
    "Cam = []\n",
    "Cam.append(Cam1)\n",
    "Cam.append(Cam2)\n",
    "Cam.append(Cam3)\n",
    "Cam.append(Cam4)\n",
    "Cam.append(Cam5)\n",
    "Cam.append(Cam6)\n",
    "Cam.append(Cam7)\n",
    "Cam.append(Cam8)\n",
    "Cam.append(Cam9)\n",
    "Cam.append(Cam10)\n",
    "Cam.append(Cam11)\n",
    "Cam.append(Cam12)\n",
    "Cam.append(Cam13)\n",
    "Cam.append(Cam14)\n",
    "Cam.append(Cam15)\n",
    "Cam.append(Cam16)\n",
    "Cam.append(Cam17)\n",
    "Cam.append(Cam18)\n",
    "Cam.append(Cam19)\n",
    "Cam.append(Cam20)\n",
    "Cam.append(Cam21)\n",
    "Cam.append(Cam22)\n",
    "Cam.append(Cam23)\n",
    "\n",
    "Cam"
   ]
  },
  {
   "cell_type": "code",
   "execution_count": 82,
   "metadata": {},
   "outputs": [
    {
     "data": {
      "text/plain": [
       "array([[-1.0000e-02,  2.6830e+01,  7.1170e+01,  1.1059e+02,  6.5650e+01,\n",
       "         2.2600e+02,  2.0672e+02,  9.3550e+01,  4.1805e+02,  4.0841e+02,\n",
       "         2.0119e+02,  5.3198e+02,  4.3818e+02,  5.3402e+02,  4.2342e+02,\n",
       "         2.4401e+02,  4.7841e+02,  4.8816e+02,  3.0237e+02,  4.1580e+02,\n",
       "         1.8287e+02,  2.4903e+02,  1.1602e+02],\n",
       "       [ 2.5114e+02,  1.8836e+02,  5.2610e+02,  4.2992e+02,  1.9820e+02,\n",
       "         4.7719e+02,  3.5395e+02,  1.0999e+02,  3.5883e+02,  2.3429e+02,\n",
       "         7.2410e+01,  8.8460e+01, -2.5800e+00, -1.0582e+02, -1.2220e+02,\n",
       "        -9.3700e+01, -2.6670e+02, -7.1630e+01, -3.5990e+01, -3.4360e+02,\n",
       "        -2.3046e+02, -4.3305e+02, -3.3125e+02],\n",
       "       [ 2.0873e+02,  4.7359e+02,  1.8000e+01,  2.8581e+02,  4.3528e+02,\n",
       "        -4.6480e+01,  3.3927e+02,  4.7164e+02, -2.7280e+01,  2.6565e+02,\n",
       "         4.5605e+02,  1.0816e+02,  3.0879e+02,  8.3160e+01,  3.0581e+02,\n",
       "         4.3877e+02,  6.1520e+01,  2.2849e+02,  4.1784e+02,  1.0768e+02,\n",
       "         4.2333e+02,  2.1683e+02,  3.8871e+02],\n",
       "       [ 1.0000e+00,  1.0000e+00,  1.0000e+00,  1.0000e+00,  1.0000e+00,\n",
       "         1.0000e+00,  1.0000e+00,  1.0000e+00,  1.0000e+00,  1.0000e+00,\n",
       "         1.0000e+00,  1.0000e+00,  1.0000e+00,  1.0000e+00,  1.0000e+00,\n",
       "         1.0000e+00,  1.0000e+00,  1.0000e+00,  1.0000e+00,  1.0000e+00,\n",
       "         1.0000e+00,  1.0000e+00,  1.0000e+00]])"
      ]
     },
     "execution_count": 82,
     "metadata": {},
     "output_type": "execute_result"
    }
   ],
   "source": [
    "# Robo Calibration points\n",
    "np_robo_cali_points = np.array(Robo)\n",
    "arm_cord = np.column_stack((np_robo_cali_points[:,0:3], np.ones(np_robo_cali_points.shape[0]).T)).T\n",
    "arm_cord"
   ]
  },
  {
   "cell_type": "code",
   "execution_count": 83,
   "metadata": {},
   "outputs": [
    {
     "name": "stdout",
     "output_type": "stream",
     "text": [
      "1 . Robo Point: [-1.0000e-02  2.5114e+02  2.0873e+02]\n",
      "1 . Camera Point: [ 387.  270. 2259.]\n",
      "2 . Robo Point: [ 26.83 188.36 473.59]\n",
      "2 . Camera Point: [ 381.  186. 2214.]\n",
      "3 . Robo Point: [ 71.17 526.1   18.  ]\n",
      "3 . Camera Point: [ 445.  331. 2188.]\n",
      "4 . Robo Point: [110.59 429.92 285.81]\n",
      "4 . Camera Point: [ 438.  258. 2138.]\n",
      "5 . Robo Point: [ 65.65 198.2  435.28]\n",
      "5 . Camera Point: [ 383.  202. 2139.]\n",
      "6 . Robo Point: [226.   477.19 -46.48]\n",
      "6 . Camera Point: [ 434.  362. 2084.]\n",
      "7 . Robo Point: [206.72 353.95 339.27]\n",
      "7 . Camera Point: [ 424.  247. 2002.]\n",
      "8 . Robo Point: [ 93.55 109.99 471.64]\n",
      "8 . Camera Point: [ 354.  188. 2069.]\n",
      "9 . Robo Point: [418.05 358.83 -27.28]\n",
      "9 . Camera Point: [ 410.  379. 1893.]\n",
      "10 . Robo Point: [408.41 234.29 265.65]\n",
      "10 . Camera Point: [ 386.  288. 1785.]\n",
      "11 . Robo Point: [201.19  72.41 456.05]\n",
      "11 . Camera Point: [ 333.  200. 1926.]\n",
      "12 . Robo Point: [531.98  88.46 108.16]\n",
      "12 . Camera Point: [ 329.  353. 1763.]\n",
      "13 . Robo Point: [438.18  -2.58 308.79]\n",
      "13 . Camera Point: [ 297.  276. 1754.]\n",
      "14 . Robo Point: [ 534.02 -105.82   83.16]\n",
      "14 . Camera Point: [ 260.  360. 1745.]\n",
      "15 . Robo Point: [ 423.42 -122.2   305.81]\n",
      "15 . Camera Point: [ 252.  274. 1746.]\n",
      "16 . Robo Point: [244.01 -93.7  438.77]\n",
      "16 . Camera Point: [ 262.  209. 1874.]\n",
      "17 . Robo Point: [ 478.41 -266.7    61.52]\n",
      "17 . Camera Point: [ 208.  358. 1773.]\n",
      "18 . Robo Point: [488.16 -71.63 228.49]\n",
      "18 . Camera Point: [ 272.  308. 1742.]\n",
      "19 . Robo Point: [302.37 -35.99 417.84]\n",
      "19 . Camera Point: [ 286.  222. 1802.]\n",
      "20 . Robo Point: [ 415.8  -343.6   107.68]\n",
      "20 . Camera Point: [ 183.  337. 1836.]\n",
      "21 . Robo Point: [ 182.87 -230.46  423.33]\n",
      "21 . Camera Point: [ 213.  211. 1959.]\n",
      "22 . Robo Point: [ 249.03 -433.05  216.83]\n",
      "22 . Camera Point: [ 161.  286. 1976.]\n",
      "23 . Robo Point: [ 116.02 -331.25  388.71]\n",
      "23 . Camera Point: [ 187.  220. 2098.]\n"
     ]
    }
   ],
   "source": [
    "centers=np.ones(arm_cord.shape)\n",
    "for ind,pt in enumerate(np_robo_cali_points):\n",
    "    print(str(ind + 1), \". Robo Point:\", pt)\n",
    "    centers[0:3,ind] = Cam[ind]\n",
    "    print(str(ind + 1), \". Camera Point:\", centers[0:3,ind])"
   ]
  },
  {
   "cell_type": "code",
   "execution_count": 84,
   "metadata": {},
   "outputs": [
    {
     "data": {
      "text/plain": [
       "array([[3.870e+02, 3.810e+02, 4.450e+02, 4.380e+02, 3.830e+02, 4.340e+02,\n",
       "        4.240e+02, 3.540e+02, 4.100e+02, 3.860e+02, 3.330e+02, 3.290e+02,\n",
       "        2.970e+02, 2.600e+02, 2.520e+02, 2.620e+02, 2.080e+02, 2.720e+02,\n",
       "        2.860e+02, 1.830e+02, 2.130e+02, 1.610e+02, 1.870e+02],\n",
       "       [2.700e+02, 1.860e+02, 3.310e+02, 2.580e+02, 2.020e+02, 3.620e+02,\n",
       "        2.470e+02, 1.880e+02, 3.790e+02, 2.880e+02, 2.000e+02, 3.530e+02,\n",
       "        2.760e+02, 3.600e+02, 2.740e+02, 2.090e+02, 3.580e+02, 3.080e+02,\n",
       "        2.220e+02, 3.370e+02, 2.110e+02, 2.860e+02, 2.200e+02],\n",
       "       [2.259e+03, 2.214e+03, 2.188e+03, 2.138e+03, 2.139e+03, 2.084e+03,\n",
       "        2.002e+03, 2.069e+03, 1.893e+03, 1.785e+03, 1.926e+03, 1.763e+03,\n",
       "        1.754e+03, 1.745e+03, 1.746e+03, 1.874e+03, 1.773e+03, 1.742e+03,\n",
       "        1.802e+03, 1.836e+03, 1.959e+03, 1.976e+03, 2.098e+03],\n",
       "       [1.000e+00, 1.000e+00, 1.000e+00, 1.000e+00, 1.000e+00, 1.000e+00,\n",
       "        1.000e+00, 1.000e+00, 1.000e+00, 1.000e+00, 1.000e+00, 1.000e+00,\n",
       "        1.000e+00, 1.000e+00, 1.000e+00, 1.000e+00, 1.000e+00, 1.000e+00,\n",
       "        1.000e+00, 1.000e+00, 1.000e+00, 1.000e+00, 1.000e+00]])"
      ]
     },
     "execution_count": 84,
     "metadata": {},
     "output_type": "execute_result"
    }
   ],
   "source": [
    "np_cam_cali_points = np.array(Cam)\n",
    "centers = np.column_stack((np_cam_cali_points[:], np.ones(np_cam_cali_points.shape[0]).T)).T\n",
    "centers"
   ]
  },
  {
   "cell_type": "code",
   "execution_count": 85,
   "metadata": {},
   "outputs": [
    {
     "data": {
      "text/plain": [
       "array([[3.870e+02, 2.700e+02, 2.259e+03, 1.000e+00],\n",
       "       [3.810e+02, 1.860e+02, 2.214e+03, 1.000e+00],\n",
       "       [4.450e+02, 3.310e+02, 2.188e+03, 1.000e+00],\n",
       "       [4.380e+02, 2.580e+02, 2.138e+03, 1.000e+00],\n",
       "       [3.830e+02, 2.020e+02, 2.139e+03, 1.000e+00],\n",
       "       [4.340e+02, 3.620e+02, 2.084e+03, 1.000e+00],\n",
       "       [4.240e+02, 2.470e+02, 2.002e+03, 1.000e+00],\n",
       "       [3.540e+02, 1.880e+02, 2.069e+03, 1.000e+00],\n",
       "       [4.100e+02, 3.790e+02, 1.893e+03, 1.000e+00],\n",
       "       [3.860e+02, 2.880e+02, 1.785e+03, 1.000e+00],\n",
       "       [3.330e+02, 2.000e+02, 1.926e+03, 1.000e+00],\n",
       "       [3.290e+02, 3.530e+02, 1.763e+03, 1.000e+00],\n",
       "       [2.970e+02, 2.760e+02, 1.754e+03, 1.000e+00],\n",
       "       [2.600e+02, 3.600e+02, 1.745e+03, 1.000e+00],\n",
       "       [2.520e+02, 2.740e+02, 1.746e+03, 1.000e+00],\n",
       "       [2.620e+02, 2.090e+02, 1.874e+03, 1.000e+00],\n",
       "       [2.080e+02, 3.580e+02, 1.773e+03, 1.000e+00],\n",
       "       [2.720e+02, 3.080e+02, 1.742e+03, 1.000e+00],\n",
       "       [2.860e+02, 2.220e+02, 1.802e+03, 1.000e+00],\n",
       "       [1.830e+02, 3.370e+02, 1.836e+03, 1.000e+00],\n",
       "       [2.130e+02, 2.110e+02, 1.959e+03, 1.000e+00],\n",
       "       [1.610e+02, 2.860e+02, 1.976e+03, 1.000e+00],\n",
       "       [1.870e+02, 2.200e+02, 2.098e+03, 1.000e+00]])"
      ]
     },
     "execution_count": 85,
     "metadata": {},
     "output_type": "execute_result"
    }
   ],
   "source": [
    "centers.T"
   ]
  },
  {
   "cell_type": "code",
   "execution_count": 86,
   "metadata": {},
   "outputs": [],
   "source": [
    "image_to_arm = np.dot(arm_cord, np.linalg.pinv(centers))\n",
    "arm_to_image = np.linalg.pinv(image_to_arm)"
   ]
  },
  {
   "cell_type": "code",
   "execution_count": 90,
   "metadata": {},
   "outputs": [
    {
     "name": "stdout",
     "output_type": "stream",
     "text": [
      "Finished\n",
      "Image to arm transform:\n",
      " [[ 1.17387918e-02  9.06677568e-01 -8.19763438e-01  1.61342946e+03]\n",
      " [ 2.98177269e+00  3.59008659e-01  3.71671350e-02 -1.06108133e+03]\n",
      " [ 1.62125309e-02 -2.82591617e+00 -2.35226662e-01  1.48935144e+03]\n",
      " [-8.67361738e-19  8.40256684e-19 -1.08420217e-19  1.00000000e+00]]\n",
      "Arm to Image transform:\n",
      " [[ 2.72655271e-03  3.35123992e-01  4.34494557e-02  2.86483202e+02]\n",
      " [ 9.29915505e-02  1.39477232e-03 -3.23854586e-01  3.33777953e+02]\n",
      " [-1.11697424e+00  6.34153623e-03 -3.57568576e-01  2.34143330e+03]\n",
      " [ 3.08076047e-16  1.19099778e-15  5.14074460e-16  1.00000000e+00]]\n",
      "\n",
      "\n",
      "-------------------\n",
      "-------------------\n",
      "-------------------\n",
      "Sanity Test: Image_to_Arm\n",
      "-------------------\n",
      "-------------------\n",
      "-------------------\n",
      "\n",
      "Spectated Camera Point: [ 387.  270. 2259.]\n",
      "Expected Robo Point: [-1.0000e-02  2.5114e+02  2.0873e+02]\n",
      "Resulting Robo Point: [ 10.92970958 273.75759623 201.25128926]\n",
      "\n",
      "Spectated Camera Point: [ 381.  186. 2214.]\n",
      "Expected Robo Point: [ 26.83 188.36 473.59]\n",
      "Resulting Robo Point: [-28.4122842  224.0377116  449.11617196]\n",
      "\n",
      "Spectated Camera Point: [ 445.  331. 2188.]\n",
      "Expected Robo Point: [ 71.17 526.1   18.  ]\n",
      "Resulting Robo Point: [125.12109528 465.96107413  46.51182286]\n",
      "\n",
      "Spectated Camera Point: [ 438.  258. 2138.]\n",
      "Expected Robo Point: [110.59 429.92 285.81]\n",
      "Resulting Robo Point: [ 99.83963315 417.02267639 264.4515485 ]\n",
      "\n",
      "Spectated Camera Point: [ 383.  202. 2139.]\n",
      "Expected Robo Point: [ 65.65 198.2  435.28]\n",
      "Resulting Robo Point: [ 47.60029234 232.95786041 421.57593802]\n",
      "\n",
      "Spectated Camera Point: [ 434.  362. 2084.]\n",
      "Expected Robo Point: [226.   477.19 -46.48]\n",
      "Resulting Robo Point: [238.35437075 440.42546089 -16.80634328]\n",
      "\n",
      "Spectated Camera Point: [ 424.  247. 2002.]\n",
      "Expected Robo Point: [206.72 353.95 339.27]\n",
      "Resulting Robo Point: [201.1896644  366.27403305 327.300477  ]\n",
      "\n",
      "Spectated Camera Point: [ 354.  188. 2069.]\n",
      "Expected Robo Point: [ 93.55 109.99 471.64]\n",
      "Resulting Robo Point: [ 91.94982209 138.85863159 477.13446734]\n",
      "\n",
      "Spectated Camera Point: [ 410.  379. 1893.]\n",
      "Expected Robo Point: [418.05 358.83 -27.28]\n",
      "Resulting Robo Point: [410.06097509 367.86714065 -20.30772635]\n",
      "\n",
      "Spectated Camera Point: [ 386.  288. 1785.]\n",
      "Expected Robo Point: [408.41 234.29 265.65]\n",
      "Resulting Robo Point: [415.80603668 259.6207574  261.8660237 ]\n",
      "\n",
      "Spectated Camera Point: [ 333.  200. 1926.]\n",
      "Expected Robo Point: [201.19  72.41 456.05]\n",
      "Resulting Robo Point: [219.80960993  75.23460861 476.52042291]\n",
      "\n",
      "Spectated Camera Point: [ 329.  353. 1763.]\n",
      "Expected Robo Point: [531.98  88.46 108.16]\n",
      "Resulting Robo Point: [492.10576313 112.17759971  82.43234512]\n",
      "\n",
      "Spectated Camera Point: [ 297.  276. 1754.]\n",
      "Expected Robo Point: [438.18  -2.58 308.79]\n",
      "Resulting Robo Point: [429.29381997 -11.21729749 301.626129  ]\n",
      "\n",
      "Spectated Camera Point: [ 260.  360. 1745.]\n",
      "Expected Robo Point: [ 534.02 -105.82   83.16]\n",
      "Resulting Robo Point: [512.39827136 -91.72066401  65.76634724]\n",
      "\n",
      "Spectated Camera Point: [ 252.  274. 1746.]\n",
      "Expected Robo Point: [ 423.42 -122.2   305.81]\n",
      "Resulting Robo Point: [ 433.51032671 -146.41242313  308.43021075]\n",
      "\n",
      "Spectated Camera Point: [ 262.  209. 1874.]\n",
      "Expected Robo Point: [244.01 -93.7  438.77]\n",
      "Resulting Robo Point: [ 269.76395261 -135.17286577  462.16787416]\n",
      "\n",
      "Spectated Camera Point: [ 208.  358. 1773.]\n",
      "Expected Robo Point: [ 478.41 -266.7    61.52]\n",
      "Resulting Robo Point: [ 487.02112278 -246.45018164   63.98878143]\n",
      "\n",
      "Spectated Camera Point: [ 272.  308. 1742.]\n",
      "Expected Robo Point: [488.16 -71.63 228.49]\n",
      "Resulting Robo Point: [467.85119362 -74.71934337 213.61421831]\n",
      "\n",
      "Spectated Camera Point: [ 286.  222. 1802.]\n",
      "Expected Robo Point: [302.37 -35.99 417.84]\n",
      "Resulting Robo Point: [340.85545954 -61.61924226 442.75638441]\n",
      "\n",
      "Spectated Camera Point: [ 183.  337. 1836.]\n",
      "Expected Robo Point: [ 415.8  -343.6   107.68]\n",
      "Resulting Robo Point: [ 416.04232745 -326.19215134  108.10842794]\n",
      "\n",
      "Spectated Camera Point: [ 213.  211. 1959.]\n",
      "Expected Robo Point: [ 182.87 -230.46  423.33]\n",
      "Resulting Robo Point: [ 201.32221471 -277.40250399  435.72736151]\n",
      "\n",
      "Spectated Camera Point: [ 161.  286. 1976.]\n",
      "Expected Robo Point: [ 249.03 -433.05  216.83]\n",
      "Resulting Robo Point: [ 254.77663671 -404.89719334  218.94174407]\n",
      "\n",
      "Spectated Camera Point: [ 187.  220. 2098.]\n",
      "Expected Robo Point: [ 116.02 -331.25  388.71]\n",
      "Resulting Robo Point: [  95.22998634 -346.53128433  377.17608412]\n",
      "\n",
      "-------------------\n",
      "-------------------\n",
      "-------------------\n",
      "Sanity Test: Arm_to_Image\n",
      "-------------------\n",
      "-------------------\n",
      "-------------------\n",
      "\n",
      "Spectated Robo Point: [-1.0000e-02  2.5114e+02  2.0873e+02]\n",
      "Expected Camera Point: [ 387.  270. 2259.]\n"
     ]
    },
    {
     "ename": "IndexError",
     "evalue": "index 3 is out of bounds for axis 0 with size 3",
     "output_type": "error",
     "traceback": [
      "\u001b[0;31m---------------------------------------------------------------------------\u001b[0m",
      "\u001b[0;31mIndexError\u001b[0m                                Traceback (most recent call last)",
      "\u001b[0;32m<ipython-input-90-3a5eae450ba0>\u001b[0m in \u001b[0;36m<module>\u001b[0;34m\u001b[0m\n\u001b[1;32m     30\u001b[0m     \u001b[0mprint\u001b[0m\u001b[0;34m(\u001b[0m\u001b[0;34m\"Spectated Robo Point:\"\u001b[0m\u001b[0;34m,\u001b[0m \u001b[0mnp\u001b[0m\u001b[0;34m.\u001b[0m\u001b[0marray\u001b[0m\u001b[0;34m(\u001b[0m\u001b[0mpt\u001b[0m\u001b[0;34m)\u001b[0m\u001b[0;34m[\u001b[0m\u001b[0;36m0\u001b[0m\u001b[0;34m:\u001b[0m\u001b[0;36m3\u001b[0m\u001b[0;34m]\u001b[0m\u001b[0;34m)\u001b[0m\u001b[0;34m\u001b[0m\u001b[0;34m\u001b[0m\u001b[0m\n\u001b[1;32m     31\u001b[0m     \u001b[0mprint\u001b[0m\u001b[0;34m(\u001b[0m\u001b[0;34m\"Expected Camera Point:\"\u001b[0m\u001b[0;34m,\u001b[0m \u001b[0mcenters\u001b[0m\u001b[0;34m.\u001b[0m\u001b[0mT\u001b[0m\u001b[0;34m[\u001b[0m\u001b[0mind\u001b[0m\u001b[0;34m]\u001b[0m\u001b[0;34m[\u001b[0m\u001b[0;36m0\u001b[0m\u001b[0;34m:\u001b[0m\u001b[0;36m3\u001b[0m\u001b[0;34m]\u001b[0m\u001b[0;34m)\u001b[0m\u001b[0;34m\u001b[0m\u001b[0;34m\u001b[0m\u001b[0m\n\u001b[0;32m---> 32\u001b[0;31m     \u001b[0mpt\u001b[0m\u001b[0;34m[\u001b[0m\u001b[0;36m3\u001b[0m\u001b[0;34m]\u001b[0m\u001b[0;34m=\u001b[0m\u001b[0;36m1\u001b[0m\u001b[0;34m\u001b[0m\u001b[0;34m\u001b[0m\u001b[0m\n\u001b[0m\u001b[1;32m     33\u001b[0m     \u001b[0mprint\u001b[0m\u001b[0;34m(\u001b[0m\u001b[0;34m\"Resulting Camera Point:\"\u001b[0m\u001b[0;34m,\u001b[0m \u001b[0mnp\u001b[0m\u001b[0;34m.\u001b[0m\u001b[0mdot\u001b[0m\u001b[0;34m(\u001b[0m\u001b[0marm_to_image\u001b[0m\u001b[0;34m,\u001b[0m \u001b[0mnp\u001b[0m\u001b[0;34m.\u001b[0m\u001b[0marray\u001b[0m\u001b[0;34m(\u001b[0m\u001b[0mpt\u001b[0m\u001b[0;34m)\u001b[0m\u001b[0;34m)\u001b[0m\u001b[0;34m[\u001b[0m\u001b[0;36m0\u001b[0m\u001b[0;34m:\u001b[0m\u001b[0;36m3\u001b[0m\u001b[0;34m]\u001b[0m\u001b[0;34m)\u001b[0m\u001b[0;34m\u001b[0m\u001b[0;34m\u001b[0m\u001b[0m\n\u001b[1;32m     34\u001b[0m     \u001b[0mprint\u001b[0m\u001b[0;34m(\u001b[0m\u001b[0;34m\"\"\u001b[0m\u001b[0;34m)\u001b[0m\u001b[0;34m\u001b[0m\u001b[0;34m\u001b[0m\u001b[0m\n",
      "\u001b[0;31mIndexError\u001b[0m: index 3 is out of bounds for axis 0 with size 3"
     ]
    }
   ],
   "source": [
    "print(\"Finished\")\n",
    "print(\"Image to arm transform:\\n\", image_to_arm)\n",
    "print(\"Arm to Image transform:\\n\", arm_to_image)\n",
    "print()\n",
    "print()\n",
    "\n",
    "print(\"-------------------\")\n",
    "print(\"-------------------\")\n",
    "print(\"-------------------\")\n",
    "print(\"Sanity Test: Image_to_Arm\")\n",
    "print(\"-------------------\")\n",
    "print(\"-------------------\")\n",
    "print(\"-------------------\")\n",
    "print()\n",
    "for ind, pt in enumerate(centers.T):\n",
    "    print(\"Spectated Camera Point:\", np.array(pt)[0:3])\n",
    "    print(\"Expected Robo Point:\", np_robo_cali_points[ind][0:3]) #default_cali_point\n",
    "    print(\"Resulting Robo Point:\", np.dot(image_to_arm, np.array(pt))[0:3])\n",
    "    print(\"\")\n",
    "    \n",
    "print(\"-------------------\")    \n",
    "print(\"-------------------\")\n",
    "print(\"-------------------\")\n",
    "print(\"Sanity Test: Arm_to_Image\")\n",
    "print(\"-------------------\")\n",
    "print(\"-------------------\")\n",
    "print(\"-------------------\")\n",
    "print()\n",
    "for ind, pt in enumerate(np_robo_cali_points):\n",
    "    print(\"Spectated Robo Point:\", np.array(pt)[0:3])\n",
    "    print(\"Expected Camera Point:\", centers.T[ind][0:3])\n",
    "    pt[3]=1\n",
    "    print(\"Resulting Camera Point:\", np.dot(arm_to_image, np.array(pt))[0:3])\n",
    "    print(\"\")"
   ]
  },
  {
   "cell_type": "code",
   "execution_count": null,
   "metadata": {},
   "outputs": [],
   "source": []
  },
  {
   "cell_type": "code",
   "execution_count": null,
   "metadata": {},
   "outputs": [],
   "source": []
  }
 ],
 "metadata": {
  "kernelspec": {
   "display_name": "Python 3",
   "language": "python",
   "name": "python3"
  },
  "language_info": {
   "codemirror_mode": {
    "name": "ipython",
    "version": 3
   },
   "file_extension": ".py",
   "mimetype": "text/x-python",
   "name": "python",
   "nbconvert_exporter": "python",
   "pygments_lexer": "ipython3",
   "version": "3.7.4"
  }
 },
 "nbformat": 4,
 "nbformat_minor": 2
}
